sbond12 = c(s12_202031, s12_202091, s12_202131, s12_202191, s12_202231, s12_202291,s12_202331, s12_202391,
            s12_202431,s12_202491,s12_202531)

sbond13 = c(s13_202031, s13_202091, s13_202131, s13_202191, s13_202231, s13_202291,s13_202331, s13_202391,
            s13_202431,s13_202491,s13_202531)

sbond16 = c(s16_202031, s16_202091, s16_202131, s16_202191, s16_202231, s16_202291,s16_202331, s16_202391,
            s16_202431,s16_202491,s16_202531)

sbond17 = c(s17_202031, s17_202091, s17_202131, s17_202191, s17_202231, s17_202291,s17_202331, s17_202391,
            s17_202431,s17_202491,s17_202531)

sbond18 <- c(s18_202031, s18_202091, s18_202131, s18_202191, s18_202231, s18_202291,s18_202331, s18_202391,
             s18_202431,s18_202491,s18_202531)

sbond19 <- c(s19_202031, s19_202091, s19_202131, s19_202191, s19_202231, s19_202291,s19_202331, s19_202391,
             s19_202431,s19_202491,s19_202531)

sbond110 <- c(s110_202031, s110_202091, s110_202131, s110_202191, s110_202231, s110_202291,s110_202331, 
              s110_202391,s110_202431,s110_202491,s110_202531)

sbond113 <- c(s113_202031, s113_202091, s113_202131, s113_202191, s113_202231, s113_202291,s113_202331, s113_202391,
              s113_202431,s113_202491,s113_202531)

sbond114 <- c(s114_202031, s114_202091, s114_202131, s114_202191, s114_202231, s114_202291,s114_202331, s114_202391,
              s114_202431,s114_202491,s114_202531)

sbond115 <- c(s115_202031, s115_202091, s115_202131, s115_202191, s115_202231, s115_202291,s115_202331, s115_202391,
              s115_202431,s115_202491,s115_202531)

bond12 = c(y12_202031, y12_202091, y12_202131, y12_202191, y12_202231, y12_202291,y12_202331, y12_202391,
           y12_202431,y12_202491,y12_202531)

bond13 = c(y13_202031, y13_202091, y13_202131, y13_202191, y13_202231, y13_202291,y13_202331, y13_202391,
           y13_202431,y13_202491,y13_202531)

bond16 = c(y16_202031, y16_202091, y16_202131, y16_202191, y16_202231, y16_202291,y16_202331, y16_202391,
           y16_202431,y16_202491,y16_202531)

bond17 = c(y17_202031, y17_202091, y17_202131, y17_202191, y17_202231, y17_202291,y17_202331, y17_202391,
           y17_202431,y17_202491,y17_202531)

bond18 <- c(y18_202031, y18_202091, y18_202131, y18_202191, y18_202231, y18_202291,y18_202331, y18_202391,
            y18_202431,y18_202491,y18_202531)

bond19 <- c(y19_202031, y19_202091, y19_202131, y19_202191, y19_202231, y19_202291,y19_202331, y19_202391,
            y19_202431,y19_202491,y19_202531)

bond110 <- c(y110_202031, y110_202091, y110_202131, y110_202191, y110_202231, y110_202291,y110_202331, 
             y110_202391,y110_202431,y110_202491,y110_202531)

bond113 <- c(y113_202031, y113_202091, y113_202131, y113_202191, y113_202231, y113_202291,y113_202331, y113_202391,
             y113_202431,y113_202491,y113_202531)

bond114 <- c(y114_202031, y114_202091, y114_202131, y114_202191, y114_202231, y114_202291,y114_202331, y114_202391,
             y114_202431,y114_202491,y114_202531)

bond115 <- c(y115_202031, y115_202091, y115_202131, y115_202191, y115_202231, y115_202291,y115_202331, y115_202391,
             y115_202431,y115_202491,y115_202531)

x12 = c(0.16389,	0.67500,	1.17778,	1.68889,	2.19167,	2.70278,	3.20556,
        3.71667,	4.22222,	4.73333,	5.23611)

x13 = c(0.16111,	0.67222,	1.17500,	1.68611,	2.18889,	2.70000,	3.20278,
        3.71389,	4.21944,	4.73056,	5.23333)

x16 = c(0.15278,	0.66389,	1.16667,	1.67778,	2.18056,	2.69167,	3.19444,
        3.70556,	4.21111,	4.72222,	5.22500)

x17 = c(0.15000,	0.66111,	1.16389,	1.67500,	2.17778,	2.68889,	3.19167,
        3.70278,	4.20833,	4.71944,	5.22222)

x18 = c(0.14722,	0.65833,	1.16111,	1.67222,	2.17500,	2.68611,	3.18889,
        3.70000,	4.20556,	4.71667,	5.21944)

x19 = c(0.14444,	0.65556,	1.15833,	1.66944,	2.17222,	2.68333,	3.18611,
        3.69722,	4.20278,	4.71389,	5.21667)

x110 = c(0.14167,	0.65278,	1.15556,	1.66667,	2.16944,	2.68056,	3.18333,
         3.69444,	4.20000,	4.71111,	5.21389)

x113 = c(0.13333,	0.64444,	1.14722,	1.65833,	2.16111,	2.67222,	3.17500,
         3.68611,	4.19167,	4.70278,	5.20556)

x114 = c(0.13056,	0.64167,	1.14444,	1.65556,	2.15833,	2.66944,	3.17222,
         3.68333,	4.18889,	4.70000,	5.20278)

x115 = c(0.12778,	0.63889,	1.14167,	1.65278,	2.15556,	2.66667,	3.16944,
         3.68056,	4.18611,	4.69722,	5.20000)



#---------------------------------------------------------------------
# 1/2
yf1221 = yearFraction("2020-01-02","2021-01-02")

yf1222 = yearFraction("2020-01-02","2022-01-02")

yf1223 = yearFraction("2020-01-02","2023-01-02")

yf1224 = yearFraction("2020-01-02","2024-01-02")

yf1225 = yearFraction("2020-01-02","2025-01-02")

yf12_202091 = yearFraction("2020-01-02","2020-09-01")
yf12_202131 = yearFraction("2020-01-02","2021-03-01")

yf12_202191 = yearFraction("2020-01-02","2021-09-01")
yf12_202231 = yearFraction("2020-01-02","2022-03-01")

yf12_202291 = yearFraction("2020-01-02","2022-09-01")
yf12_202331 = yearFraction("2020-01-02","2023-03-01")

yf12_202391 = yearFraction("2020-01-02","2023-09-01")
yf12_202431 = yearFraction("2020-01-02","2024-03-01")

yf12_202491 = yearFraction("2020-01-02","2024-09-01")
yf12_202531 = yearFraction("2020-01-02","2025-03-01")

s1221 = s12_202091+((s12_202131-s12_202091)/(yf12_202131-yf12_202091))*(yf1221-yf12_202091)

s1222 = s12_202191+((s12_202231-s12_202191)/(yf12_202231-yf12_202191))*(yf1222-yf12_202191)

s1223 = s12_202291+((s12_202331-s12_202291)/(yf12_202331-yf12_202291))*(yf1223-yf12_202291)

s1224 = s12_202391+((s12_202431-s12_202391)/(yf12_202431-yf12_202391))*(yf1224-yf12_202391)

s1225 = s12_202491+((s12_202531-s12_202491)/(yf12_202531-yf12_202491))*(yf1225-yf12_202491)

f1212 = (s1222*2-s1221*1)/(2-1)
f1213 = (s1223*3-s1221*1)/(3-1)
f1214 = (s1224*4-s1221*1)/(4-1)
f1215 = (s1225*5-s1221*1)/(5-1)

f1212
f1213
f1214
f1215

#---------------------------------------------------------------------
# 1/3
yf1321 = yearFraction("2020-01-03","2021-01-03")

yf1322 = yearFraction("2020-01-03","2022-01-03")

yf1323 = yearFraction("2020-01-03","2023-01-03")

yf1324 = yearFraction("2020-01-03","2024-01-03")

yf1325 = yearFraction("2020-01-03","2025-01-03")

yf13_202091 = yearFraction("2020-01-03","2020-09-01")
yf13_202131 = yearFraction("2020-01-03","2021-03-01")

yf13_202191 = yearFraction("2020-01-03","2021-09-01")
yf13_202231 = yearFraction("2020-01-03","2022-03-01")

yf13_202291 = yearFraction("2020-01-03","2022-09-01")
yf13_202331 = yearFraction("2020-01-03","2023-03-01")

yf13_202391 = yearFraction("2020-01-03","2023-09-01")
yf13_202431 = yearFraction("2020-01-03","2024-03-01")

yf13_202491 = yearFraction("2020-01-03","2024-09-01")
yf13_202531 = yearFraction("2020-01-03","2025-03-01")

s1321 = s13_202091+((s13_202131-s13_202091)/(yf13_202131-yf13_202091))*(yf1321-yf13_202091)
s1322 = s13_202191+((s13_202231-s13_202191)/(yf13_202231-yf13_202191))*(yf1322-yf13_202191)
s1323 = s13_202291+((s13_202331-s13_202291)/(yf13_202331-yf13_202291))*(yf1323-yf13_202291)
s1324 = s13_202391+((s13_202431-s13_202391)/(yf13_202431-yf13_202391))*(yf1324-yf13_202391)
s1325 = s13_202491+((s13_202531-s13_202491)/(yf13_202531-yf13_202491))*(yf1325-yf13_202491)

f1312 = (s1322*2-s1321*1)/(2-1)
f1313 = (s1323*3-s1321*1)/(3-1)
f1314 = (s1324*4-s1321*1)/(4-1)
f1315 = (s1325*5-s1321*1)/(5-1)

f1312
f1313
f1314
f1315

#---------------------------------------------------------------------
# 1/6
yf1621 = yearFraction("2020-01-06","2021-01-06")
yf1622 = yearFraction("2020-01-06","2022-01-06")
yf1623 = yearFraction("2020-01-06","2023-01-06")
yf1624 = yearFraction("2020-01-06","2024-01-06")
yf1625 = yearFraction("2020-01-06","2025-01-06")

yf16_202091 = yearFraction("2020-01-06","2020-09-01")
yf16_202131 = yearFraction("2020-01-06","2021-03-01")
